    function CheckLevel()
    	local MyLevel = game.Players.LocalPlayer.PlayerStats.lvl.Value
        	   if MyLevel == 1 or MyLevel <= 9 then
    		  CFrameQuest = CFrame.new(2239.37207, 49.3236351, -1612.16467, -0.108712971, 2.68240772e-08, 0.994073153, -1.60530753e-08, 1, -2.87395885e-08, -0.994073153, -1.90822984e-08, -0.108712971)
    		  CFrameMon = CFrame.new(2238.5280761719, 63.293403625488, -1540.3356933594)
    		  NameMon = "Soldier"
    		  Ms = "Soldier [Lv. 1]"
    		  levelquest = 1
    	   elseif MyLevel == 10 or MyLevel <= 19 then
    		  CFrameQuest = CFrame.new(2308.81885, 48.325695, -1634.32935, 0.269628078, -4.04391436e-08, -0.962964535, 1.10559617e-09, 1, -4.168486e-08, 0.962964535, 1.01747588e-08, 0.269628078)
    		  CFrameMon = CFrame.new(2469.33276, 48.1860199, -1635.17188, -0.579731345, 2.64235905e-06, -0.814807653, 3.78023543e-07, 1, 2.97396264e-06, 0.814807653, 1.41608302e-06, -0.579731345)
    		  NameMon = "Clown Pirate"
    		  Ms = "Clown Pirate [Lv. 10]"
    		  levelquest = 10
    	   elseif MyLevel == 20 or MyLevel <= 29 then
    		  CFrameQuest = CFrame.new(2237.37134, 48.3257027, -1727.98999, -0.224038437, 7.7570288e-09, -0.974580288, 1.74512991e-08, 1, 3.94761379e-09, 0.974580288, -1.61232752e-08, -0.224038437)
    		  CFrameMon = CFrame.new(2350.26562, 48.1927948, -1850.96191, 0.745101511, -5.93465224e-08, -0.66695106, 2.39945269e-11, 1, -8.89550194e-08, 0.66695106, 6.62645192e-08, 0.745101511)
    		  NameMon = "Smoky"
    		  Ms = "Smoky [Lv. 20]"
    		  levelquest = 20
    	   elseif MyLevel == 30 or MyLevel <= 49 then
    		  CFrameQuest = CFrame.new(1927.43713, 48.2940559, -1788.82751, 0.970199108, 1.37123576e-10, -0.242309019, -4.06020106e-10, 1, -1.05979037e-09, 0.242309019, 1.12659004e-09, 0.970199108)
    		  CFrameMon = CFrame.new(2128.32544, 48.1927834, -1955.83435, 0.553566217, -2.30795898e-08, -0.832805157, -3.84279061e-13, 1, -2.77133285e-08, 0.832805157, 1.53414828e-08, 0.553566217)
    		  NameMon = "Tashi"
    		  Ms = "Tashi [Lv. 30]"
    		  levelquest = 30
    	   elseif MyLevel == 50 or MyLevel <= 74 then
    		  CFrameQuest = CFrame.new(3519.82593, 37.8184013, -593.855469, 0.238217399, -3.07293178e-08, -0.971211851, 4.72102357e-08, 1, -2.00605239e-08, 0.971211851, -4.10723757e-08, 0.238217399)
    		  CFrameMon = CFrame.new(3451.3698730469, 51.523643493652, -632.94158935547)
    		  NameMon = "Clown Pirate"
    		  Ms = "Clown Pirate [Lv. 50]"
    		  levelquest = 50
    	   elseif MyLevel == 75 or MyLevel <= 144 then
    		  CFrameQuest = CFrame.new(3813.9880371094, 68.74845123291, -604.49499511719)
    		  CFrameMon = CFrame.new(3857.6423339844, 108.91068267822, -777.27581787109)
    		  NameMon = "The Clown"
    		  Ms = "The Clown [Lv. 75]"
    		  levelquest = 75
    	   elseif MyLevel == 145 or MyLevel <= 179 then
    		  CFrameQuest = CFrame.new(1743.21472, 68.6311493, 346.375946, 0.116595179, 2.47690565e-07, 0.9931795, -1.06638436e-06, 1, -1.24202401e-07, -0.9931795, -1.0446297e-06, 0.116595179)
    		  CFrameMon = CFrame.new(1796.3610839844, 68.594223022461, 345.62393188477)
    		  NameMon = "Axe-Hand"
    		  Ms = "Axe-Hand [Lv. 145]"
    		  levelquest = 145
    	   elseif MyLevel == 180 or MyLevel <= 229 then
    		  CFrameQuest = CFrame.new(3233.96143, 10.5162468, 1514.44995, -0.786792815, -6.68258071e-09, -0.617217183, -1.11946852e-08, 1, 3.44338602e-09, 0.617217183, 9.6187831e-09, -0.786792815)
    		  CFrameMon = CFrame.new(3232.92578125, 37.992393493652, 1537.5755615234)
    		  NameMon = "Fishman"
    		  Ms = "Fishman [Lv. 180]"
    		  levelquest = 180
    	   elseif MyLevel == 230 or MyLevel <= 249 then
    		  CFrameQuest = CFrame.new(3651.16699, 11.251195, 1513.57849, 0.532681227, -8.13081957e-09, -0.84631598, 1.44976759e-08, 1, -4.82302531e-10, 0.84631598, -1.20127011e-08, 0.532681227)
    		  CFrameMon = CFrame.new(3671.3767089844, 22.922145843506, 1600.9569091797)
    		  NameMon = "SharkMan"
    		  Ms = "SharkMan [Lv. 230]"
    		  levelquest = 230
    	   elseif MyLevel == 250 or MyLevel <= 299 then
    		  CFrameQuest = CFrame.new(-52.8432159, 49.760952, -86.7367935, -0.277564496, -1.39523548e-08, -0.960707009, -4.47877042e-08, 1, -1.58308233e-09, 0.960707009, 4.25884572e-08, -0.277564496)
    		  CFrameMon = CFrame.new(-103.23568725586, 17.594844818115, -212.52230834961)
    		  NameMon = "Trainer Chef"
    		  Ms = "Trainer Chef [Lv. 250]"
    		  levelquest = 250
    	   elseif MyLevel == 300 or MyLevel <= 349 then
    		  CFrameQuest = CFrame.new(41.2777176, 99.533989, -48.7403564, -0.896631181, -1.31993829e-08, -0.44277814, -1.44248542e-08, 1, -5.99867322e-10, 0.44277814, 5.8491505e-09, -0.896631181)
    		  CFrameMon = CFrame.new(80.119934082031, 49.789432525635, -119.37950897217)
    		  NameMon = "Dark Leg"
    		  Ms = "Dark Leg [Lv. 300]"
    		  levelquest = 300
    	   elseif MyLevel == 350 or MyLevel <= 399 then
    		  CFrameQuest = CFrame.new(-43.7099342, 49.9361954, 113.61676, 0.953891635, -4.71360586e-08, -0.300151169, 2.40791493e-08, 1, -8.05166209e-08, 0.300151169, 6.95767497e-08, 0.953891635)
    		  CFrameMon = CFrame.new(-103.605598, 350.94034, 233.536148)
    		  NameMon = "Weapon Man"
    		  Ms = "Weapon Man [Lv. 350]"
    		  levelquest = 350
    	   elseif MyLevel == 400 or MyLevel <= 449 then
    		  CFrameQuest = CFrame.new(-1258.96875, 18.3139439, 1540.96521, 0.994833231, -3.37862782e-09, 0.101522788, 2.23960656e-10, 1, 3.10848876e-08, -0.101522788, -3.09015391e-08, 0.994833231)
    		  CFrameMon = CFrame.new(-1233.8781738281, 64.307640075684, 1551.5906982422)
    		  NameMon = "Snow Soldier"
    		  Ms = "Snow Soldier [Lv. 400]"
    		  levelquest = 400
    	   elseif MyLevel == 450 or MyLevel <= 524 then
    		  CFrameQuest = CFrame.new(-1338.64172, 18.3139439, 1409.84717, -0.55178982, -8.65294609e-08, -0.833983243, -5.14235445e-08, 1, -6.97309872e-08, 0.833983243, 4.40952785e-09, -0.55178982)
    		  CFrameMon = CFrame.new(-1383.2197265625, 38.902286529541, 1215.4002685547)
    		  NameMon = "King Snow"
    		  Ms = "King Snow [Lv. 450]"
    		  levelquest = 450
    	   elseif MyLevel == 525 or MyLevel <= 624 then
    		  CFrameQuest = CFrame.new(1473.88843, 12.8655558, 2288.00171, -0.412046969, 8.16331536e-09, 0.911162615, 3.51830884e-08, 1, 6.95130575e-09, -0.911162615, 3.49217792e-08, -0.412046969)
    		  CFrameMon = CFrame.new(1612.3927001953, 40.883171081543, 2268.923828125)
    		  NameMon = "Candle Man"
    		  Ms = "Candle Man [Lv. 525]"
    		  levelquest = 525
    	   elseif MyLevel == 625 or MyLevel <= 724 then
    		  CFrameQuest = CFrame.new(1259.66455, 12.8655548, 2079.4978, -0.832682014, 4.53273596e-09, 0.553751469, -1.31469307e-08, 1, -2.79546857e-08, -0.553751469, -3.05574943e-08, -0.832682014)
    		  CFrameMon = CFrame.new(1321.8250732422, 27.869329452515, 2031.6247558594)
    		  NameMon = "Bomb Man"
    		  Ms = "Bomb Man [Lv. 625]"
    		  levelquest = 625
    	   elseif MyLevel == 725 or MyLevel <= 799 then
    		  CFrameQuest = CFrame.new(1248.93127, 43.0038872, 2182.1543, 0.968958735, -2.48802561e-08, -0.247222498, 2.85737434e-10, 1, -9.95192124e-08, 0.247222498, 9.6359372e-08, 0.968958735)
    		  CFrameMon = CFrame.new(1119.6677246094, 92.213005065918, 2383.0966796875)
    		  NameMon = "King of Sand"
    		  Ms = "King of Sand [Lv. 725]"
    		  levelquest = 725
    	   elseif MyLevel == 800 or MyLevel <= 849 then
    		  CFrameQuest = CFrame.new(-277.424835, 200.677063, 3920.59888, -0.641192734, 5.59246116e-09, 0.76737988, 3.83475403e-08, 1, 2.47539766e-08, -0.76737988, 4.52992026e-08, -0.641192734)
    		  CFrameMon = CFrame.new(-461.49890136719, 250.08406066895, 4044.7983398438)
    		  NameMon = "Sky Soldier"
    		  Ms = "Sky Soldier [Lv. 800]"
    		  levelquest = 800
    	   elseif MyLevel == 850 or MyLevel <= 899 then
    		  CFrameQuest = CFrame.new(157.003052, 386.444855, 4084.71362, 0.269351751, -9.36968836e-10, -0.963041842, 1.46405477e-09, 1, -5.63447067e-10, 0.963041842, -1.25818056e-09, 0.269351751)
    		  CFrameMon = CFrame.new(229.50280761719, 402.73681640625, 4108.09765625)
    		  NameMon = "Ball Man"
    		  Ms = "Ball Man [Lv. 850]"
    		  levelquest = 850
    	   elseif MyLevel == 900 or MyLevel <= 999 then
    		  CFrameQuest = CFrame.new(113.715759, 386.444946, 4221.26318, 0.750115573, 3.00852188e-09, -0.661306739, -1.60641456e-08, 1, -1.36720875e-08, 0.661306739, 2.08789732e-08, 0.750115573)
    		  CFrameMon = CFrame.new(129.87107849121, 434.32586669922, 4365.9833984375)
    		  NameMon = "Rumble Man"
    		  Ms = "Rumble Man [Lv. 900]"
    		  levelquest = 900
    	   elseif MyLevel == 1000 or MyLevel <= 1099 then
    		  CFrameQuest = CFrame.new(5955.12793, 11.87115, 3606.38818, -0.65253371, 5.86797633e-08, -0.75775969, 9.27037078e-08, 1, -2.39196063e-09, 0.75775969, -7.18079676e-08, -0.65253371)
    		  CFrameMon = CFrame.new(6146.19921875, 69.969459533691, 3799.9738769531)
    		  NameMon = "Soldier"
    		  Ms = "Soldier [Lv. 1000]"
    		  levelquest = 1000
    	   elseif MyLevel == 1100 or MyLevel <= 1149 then
    		  CFrameQuest = CFrame.new(5943.28418, 11.87115, 3550.37671, 0.904393792, -9.80733361e-09, -0.426698774, 1.99168912e-08, 1, 1.92299101e-08, 0.426698774, -2.58899249e-08, 0.904393792)
    		  CFrameMon = CFrame.new(6137.0732421875, 60.748741149902, 3530.1755371094)
    		  NameMon = "Leader"
    		  Ms = "Leader [Lv. 1100]"
    		  levelquest = 1100
    	   elseif MyLevel == 1150 or MyLevel <= 1249 then
    		  CFrameQuest = CFrame.new(5743.06934, 11.87115, 3868.06738, -0.200633362, 5.9211672e-08, -0.979666412, -2.41333797e-08, 1, 6.53831052e-08, 0.979666412, 3.67606923e-08, -0.200633362)
    		  CFrameMon = CFrame.new(5709.4418945313, 28.068037033081, 4050.4223632813)
    		  NameMon = "Pasta"
    		  Ms = "Pasta [Lv. 1150]"
    		  levelquest = 1150
    	   elseif MyLevel == 1250 or MyLevel <= 1324 then
    		  CFrameQuest = CFrame.new(2955.4292, 13.0550947, 5057.36768, 0.611008644, 6.87890056e-09, 0.79162395, 6.17643821e-08, 1, -5.63619516e-08, -0.79162395, 8.33317984e-08, 0.611008644)
    		  CFrameMon = CFrame.new(2852.033203125, 33.653057098389, 5055.4711914063)
    		  NameMon = "Wolf"
    		  Ms = "Wolf [Lv. 1250]"
    		  levelquest = 1250
    	   elseif MyLevel == 1325 or MyLevel <= 1399 then
    		  CFrameQuest = CFrame.new(3017.92993, 13.0550947, 5102.21484, -0.99849534, 7.65725119e-08, 0.0548370071, 7.74766065e-08, 1, 1.43610377e-08, -0.0548370071, 1.85880147e-08, -0.99849534)
    		  CFrameMon = CFrame.new(3149.6088867188, 29.780874252319, 5068.2470703125)
    		  NameMon = "Giraffe"
    		  Ms = "Giraffe [Lv. 1325]"
    		  levelquest = 1325
    	   elseif MyLevel == 1400 or MyLevel <= 1499 then
    		  CFrameQuest = CFrame.new(3089.56592, 12.9855461, 5730.42676, -0.584077299, -8.02120397e-08, -0.81169802, -1.04587494e-08, 1, -9.12942042e-08, 0.81169802, -4.48335271e-08, -0.584077299)
    		  CFrameMon = CFrame.new(3151.3752441406, 29.682489395142, 5863.7587890625)
    		  NameMon = "Leo"
    		  Ms = "Leo [Lv. 1400]"
    		  levelquest = 1400
    	   elseif MyLevel == 1500 or MyLevel <= 1599 then
    		  CFrameQuest = CFrame.new(1468.58508, 15.7754793, 6977.42139, -0.00599101, -6.78990304e-08, 0.999982059, -1.69450587e-08, 1, 6.77987302e-08, -0.999982059, -1.65385714e-08, -0.00599101)
    		  CFrameMon = CFrame.new(-778.30328369141, 500.856491088867, 8537.9267578125)
    		  NameMon = "Zombie"
    		  Ms = "Zombie [Lv. 1500]"
    		  levelquest = 1500
    	   elseif MyLevel == 1600 or MyLevel <= 1749 then
    		  CFrameQuest = CFrame.new(1404.96814, 19.6248226, 7120.32422, -0.49821648, -9.61752207e-08, -0.867052674, 8.75659723e-09, 1, -1.15953625e-07, 0.867052674, -6.53624355e-08, -0.49821648)
    		  CFrameMon = CFrame.new(-793.65240478516, 500.857288360596, 8329.0654296875)
    		  NameMon = "Shadow Master"
    		  Ms = "Shadow Master [Lv. 1600]"
    		  levelquest = 1600
    	   elseif MyLevel == 1750 or MyLevel <= 1799 then
    		  CFrameQuest = CFrame.new(6596.93213, 49.6063728, 1105.82971, 0.894206107, 7.56256497e-08, -0.447655499, -6.55074501e-08, 1, 3.80839538e-08, 0.447655499, -4.73013584e-09, 0.894206107)
    		  CFrameMon = CFrame.new(8601.7705078125, 500.582111358643, 1731.2292480469)
    		  NameMon = "New World Pirate"
    		  Ms = "New World Pirate [Lv. 1750]"
    		  levelquest = 1750
    	   elseif MyLevel == 1800 or MyLevel <= 1924 then
    		  CFrameQuest = CFrame.new(6603.76514, 49.6003304, 654.084778, 0.999028087, -5.6995435e-09, -0.0440779142, 7.27954808e-09, 1, 3.56852077e-08, 0.0440779142, -3.5971393e-08, 0.999028087)
    		  CFrameMon = CFrame.new(8580.9599609375, 500.578090667725, 1347.4166259766)
    		  NameMon = "Rear Admiral"
    		  Ms = "Rear Admiral [Lv. 1800]"
    		  levelquest = 1800
    	   elseif MyLevel == 1925 or MyLevel <= 1999 then
    		  CFrameQuest = CFrame.new(6267.03711, 49.6243172, 757.502686, -0.553825915, 2.07303577e-10, 0.832632482, 1.92499634e-08, 1, 1.25551489e-08, -0.832632482, 2.29815118e-08, -0.553825915)
    		  CFrameMon = CFrame.new(8242.3994140625, 500.60005569458, 1392.0007324219)
    		  NameMon = "Quake Woman"
    		  Ms = "Quake Woman [Lv. 1925]"
    		  levelquest = 1925
    	   elseif MyLevel == 2000 or MyLevel <= 2049 then
    		  CFrameQuest = CFrame.new(2463.52246, 40.2850037, 8890.87695, -0.0490119755, -7.08150907e-08, -0.998798192, 2.80088415e-08, 1, -7.2274716e-08, 0.998798192, -3.15175086e-08, -0.0490119755)
    		  CFrameMon = CFrame.new(2970.7785644531, 500.2607421875, 13349.877929688)
    		  NameMon = "Fishman"
    		  Ms = "Fishman [Lv. 2000]"
    		  levelquest = 2000
    	   elseif MyLevel == 2050 or MyLevel <= 2099 then
    		  CFrameQuest = CFrame.new(2275.46899, 40.2725182, 9156.80762, 0.880854666, -1.94253573e-08, 0.473386794, -2.21045049e-08, 1, 8.2165819e-08, -0.473386794, -8.28401241e-08, 0.880854666)
    		  CFrameMon = CFrame.new(2783.875, 500.24825668335, 13617.719726563)
    		  NameMon = "Combat Fishman"
    		  Ms = "Combat Fishman [Lv. 2050]"
    		  levelquest = 2050
    	   elseif MyLevel == 2100 or MyLevel <= 2149 then
    		  CFrameQuest = CFrame.new(2786.47241, 40.2993279, 9336.34277, 0.968067288, -4.17846291e-09, 0.250690609, 3.65676982e-08, 1, -1.24542083e-07, -0.250690609, 1.29732285e-07, 0.968067288)
    		  CFrameMon = CFrame.new(3297.2663574219, 500.275020599365, 13793.421875)
    		  NameMon = "Sword Fishman"
    		  Ms = "Sword Fishman [Lv. 2100]"
    		  levelquest = 2100
    	   elseif MyLevel == 2150 or MyLevel <= 2199 then
    		  CFrameQuest = CFrame.new(2511.37305, 40.2949677, 9423.77148, -0.870893896, -5.26647526e-09, -0.491471082, -2.03965289e-08, 1, 2.5427207e-08, 0.491471082, 3.21687033e-08, -0.870893896)
    		  CFrameMon = CFrame.new(3019.2189941406, 350.270706176758, 13883.921875)
    		  NameMon = "Fishman Soldier"
    		  Ms = "Fishman Soldier [Lv. 2150]"
    		  levelquest = 2150
    	   elseif MyLevel >= 2200 and MyLevel <= 2249 then
    		  CFrameQuest = CFrame.new(2279.87427, 40.3001022, 9357.96973, -0.628114223, 3.57225076e-08, -0.778121114, 2.8573659e-08, 1, 2.28434676e-08, 0.778121114, -7.88546028e-09, -0.628114223)
    		  CFrameMon = CFrame.new(2785.8464355469, 350.275859832764, 13820.041992188)
    		  NameMon = "Seasoned Fishman"
    		  Ms = "Seasoned Fishman [Lv. 2200]"
    		  levelquest = 2200
    	   elseif MyLevel >= 2250 and MyLevel <= 2299 then
    		  Ms = "Beast Pirate [Lv. 2250]"
    		  CFrameQuest = CFrame.new(3443.40723, 57.3350563, 202.804611, 0.991363943, 3.97358058e-08, 0.131139487, -3.84716081e-08, 1, -1.21736115e-08, -0.131139487, 7.02333214e-09, 0.991363943)
    		  NameMon = "Beast Pirate"
    		  CFrameMon = CFrame.new(3302.8967285156, 367.02523803711, 91.186454772949)
    		  levelquest = 2250
    	   elseif MyLevel >= 2300 and MyLevel <= 2349 then
    		  Ms = "Beast Pirate [Lv. 2300]"
    		  CFrameQuest = CFrame.new(3072.35571, 98.3752594, -228.373306, 0.464662135, 3.60276488e-07, -0.885488033, -3.75495119e-07, 1, 2.09825657e-07, 0.885488033, 2.34998396e-07, 0.464662135)
    		  NameMon = "Beast Pirate"
    		  CFrameMon = CFrame.new(3341.6398925781, 363.15054321289, -270.224609375)
    		  levelquest = 2300
    	   elseif MyLevel >= 2350 and MyLevel <= 2399 then
    		  Ms = "Snake Man [Lv. 2350]"
    		  CFrameQuest = CFrame.new(2882.84521, 58.1235542, 213.722153, 0.0865775943, 8.03190936e-09, 0.996245086, 6.95132507e-10, 1, -8.12259238e-09, -0.996245086, 1.39575684e-09, 0.0865775943)
    		  NameMon = "Snake Man"
    		  CFrameMon = CFrame.new(2821.0869140625, 228.20420837402, 397.10614013672)
    		  levelquest = 2350
    	   elseif MyLevel >= 2400 and MyLevel <= 2449 then
    		  Ms = "Bandit Beast Pirate [Lv. 2400]"
    		  CFrameQuest = CFrame.new(2768.64722, 135.832291, -854.643677, 0.501426041, 1.89451708e-08, 0.86520052, 8.95930725e-08, 1, -7.38204236e-08, -0.86520052, 1.1453146e-07, 0.501426041)
    		  NameMon = "Bandit Beast Pirate"
    		  CFrameMon = CFrame.new(2700.8044433594, 262.39566040039, -1133.3333740234)
    		  levelquest = 2400
    	   elseif MyLevel >= 2450 and MyLevel <= 2499 then
    		  Ms = "Powerful Beast Pirate [Lv. 2450]"
    		  CFrameQuest = CFrame.new(2729.32104, 135.883759, -787.613342, -0.898777425, 1.34172717e-08, 0.438405186, 9.20866494e-09, 1, -1.17259837e-08, -0.438405186, -6.501923e-09, -0.898777425)
    		  NameMon = "Powerful Beast Pirate"
    		  CFrameMon = CFrame.new(2446.5532226563, 497.23837280273, -650.99859619141)
    		  levelquest = 2450
    	   elseif MyLevel >= 2500 and MyLevel <= 2549 then
    		  Ms = "Violet Samurai [Lv. 2500]"
    		  CFrameQuest = CFrame.new(2106.91748, 85.3524551, -813.004089, 0.907550097, -2.40772504e-08, 0.41994381, 1.02429789e-08, 1, 3.51981235e-08, -0.41994381, -2.76425833e-08, 0.907550097)
    		  NameMon = "Violet Samurai"
    		  CFrameMon = CFrame.new(2125.0998535156, 193.43463134766, -1028.8310546875)
    		  levelquest = 2500
    	   elseif MyLevel >= 2550 and MyLevel <= 2599 then
    		  Ms = "Rabbit Man [Lv. 2550]"
    		  CFrameQuest = CFrame.new(1881.49292, 99.7921066, -39.7886543, 0.998452365, -6.60031407e-09, 0.055613745, 1.75365822e-09, 1, 8.71973285e-08, -0.055613745, -8.69648531e-08, 0.998452365)
    		  NameMon = "Rabbit Man"
    		  CFrameMon = CFrame.new(1638.6165771484, 238.3356628418, -140.75988769531)
    		  levelquest = 2550
    	   elseif MyLevel >= 2600 and MyLevel <= 2649 then
    		  Ms = "Bat Man [Lv. 2600]"
    		  CFrameQuest = CFrame.new(2306.63257, 57.2850533, 125.417358, 0.886647999, -8.04451332e-08, 0.462444961, 6.28652046e-08, 1, 5.34243512e-08, -0.462444961, -1.82968982e-08, 0.886647999)
    		  NameMon = "Bat Man"
    		  CFrameMon = CFrame.new(2427.9096679688, 214.50489807129, -285.6096496582)
    		  levelquest = 2600
    	   elseif MyLevel >= 2650 and MyLevel <= 2699 then
    		  Ms = "Kitsune Samurai [Lv. 2650]"
    		  CFrameQuest = CFrame.new(2018.27844, 99.7390823, 259.255524, -0.993320286, 2.12505284e-08, 0.115389705, 1.38810021e-08, 1, -6.46699547e-08, -0.115389705, -6.26362535e-08, -0.993320286)
    		  NameMon = "Kitsune Samurai"
    		  CFrameMon = CFrame.new(1694.7454833984, 279.47674560547, 132.89778137207)
    		  levelquest = 2650
    	   elseif MyLevel >= 2700 and MyLevel <= 2749 then
    		  Ms = "Elite Beast Pirate [Lv. 2700]"
    		  CFrameQuest = CFrame.new(2560.37964, 29.2038994, 1235.51428, -0.805614948, 1.66988663e-08, -0.592439532, 5.59541391e-08, 1, -4.79012989e-08, 0.592439532, -7.17394428e-08, -0.805614948)
    		  NameMon = "Elite Beast Pirate"
    		  CFrameMon = CFrame.new(2813.0407714844, 137.29498291016, 1433.4289550781)
    		  levelquest = 2700
    	   elseif MyLevel >= 2750 and MyLevel <= 2799 then
    		  Ms = "Elite Beast Pirate [Lv. 2750]"
    		  CFrameQuest = CFrame.new(2611.89404, 29.2056847, 1024.53699, 0.00955526344, 2.19928538e-08, 0.999954343, 3.84509704e-08, 1, -2.23612844e-08, -0.999954343, 3.86628827e-08, 0.00955526344)
    		  NameMon = "Elite Beast Pirate"
    		  CFrameMon = CFrame.new(2901.4145507813, 189.0565032959, 737.08685302734)
    		  levelquest = 2750
    	   elseif MyLevel >= 2800 and MyLevel <= 2849 then
    		  Ms = "Bear Man [Lv. 2800]"
    		  CFrameQuest = CFrame.new(3110.90112, 29.205719, 1373.20227, 0.895176947, -1.47007773e-09, 0.445710957, -3.54860568e-08, 1, 7.45693498e-08, -0.445710957, -8.25692865e-08, 0.895176947)
    		  NameMon = "Bear Man"
    		  CFrameMon = CFrame.new(3222.7277832031, 137.29498291016, 1384.826171875)
    		  levelquest = 2800 
    	   elseif MyLevel >= 2850 and MyLevel <= 2899 then
    		  Ms = "Magician [Lv. 2850]"
    		  CFrameQuest = CFrame.new(1799.14124, 57.2850533, 1033.7511, 0.969275415, -2.40259261e-08, 0.245977983, 3.62064227e-08, 1, -4.49961775e-08, -0.245977983, 5.25196704e-08, 0.969275415)
    		  NameMon = "Magician"
    		  CFrameMon = CFrame.new(1887.2744140625, 145.23045349121, 1004.4313964844)
    		  levelquest = 2850
    	   elseif MyLevel >= 2900 and MyLevel <= 2949 then
    		  Ms = "Pachy Woman [Lv. 2900]"
    		  CFrameQuest = CFrame.new(1775.48975, 57.2850533, 1276.81165, -0.129048184, -1.20651606e-07, -0.991638303, 9.49310852e-09, 1, -1.22904368e-07, 0.991638303, -2.5274316e-08, -0.129048184)
    		  NameMon = "Pachy Woman"
    		  CFrameMon = CFrame.new(1615.6518554688, 185.53813171387, 1583.0139160156)
    		  levelquest = 2900
    	   elseif MyLevel >= 2950 and MyLevel <= 2999 then
    		  Ms = "Kappa [Lv. 2950]"
    		  CFrameQuest = CFrame.new(2185.88672, 57.3350716, 1962.69031, 0.999638975, -2.80920398e-09, -0.026868159, 1.70159553e-09, 1, -4.12466932e-08, 0.026868159, 4.11860839e-08, 0.999638975)
    		  NameMon = "Kappa"
    		  CFrameMon = CFrame.new(2399.1376953125, 188.26124572754, 2357.2336425781)
    		  levelquest = 2950
    	   elseif MyLevel >= 3000 and MyLevel <= 3024 then
    		  Ms = "Mammoth Man [Lv. 3000]"
    		  CFrameQuest = CFrame.new(2138.19019, 57.3350716, 1959.08972, 0.281438023, -1.37855887e-08, 0.959579408, -2.91932487e-08, 1, 2.29284609e-08, -0.959579408, -3.44661792e-08, 0.281438023)
    		  NameMon = "Mammoth Man"
    		  CFrameMon = CFrame.new(1988.3930664063, 211.38674926758, 2425.3681640625)
    		  levelquest = 3000
    	   elseif MyLevel >= 3025 and MyLevel <= 3074 then
    		  Ms = "Skull Pirate [Lv. 3050]"
    		  CFrameQuest = CFrame.new(1112.61902, 57.7065468, 6969.17139, 0.699319541, -2.2566482e-08, 0.714809179, -4.71982382e-08, 1, 7.77454119e-08, -0.714809179, -8.81066171e-08, 0.699319541)
    		  NameMon = "Skull Pirate"
    		  CFrameMon = CFrame.new(-1690.8850097656, 159.86395263672, 6873.90234375)
    		  levelquest = 3025
    	   elseif MyLevel >= 3075 and MyLevel <= 3099 then
    		  Ms = "Elite Skeleton [Lv. 3100]"
    		  CFrameQuest = CFrame.new(1254.37915, 57.7442665, 7062.51318, -0.48626107, -5.43621432e-08, -0.87381357, 3.80052398e-08, 1, -8.33617264e-08, 0.87381357, -7.37450563e-08, -0.48626107)
    		  NameMon = "Elite Skeleton"
    		  CFrameMon = CFrame.new(-257.12750244141, 109.84118652344, 7219.068359375)
    		  levelquest = 3075
    	   elseif MyLevel >= 3100 and MyLevel <= 3124 then
    		  Ms = "Desert Thief [Lv.3125]"
    		  CFrameQuest = CFrame.new(8845.44043, 14.3849535, 1397.97815, -0.985079408, 5.92261742e-08, -0.172100484, 6.20819591e-08, 1, -1.12113874e-08, 0.172100484, -2.17284413e-08, -0.985079408)
    		  NameMon = "Desert Thief"
    		  CFrameMon = CFrame.new(8331.119140625, 266.55130004883, 1398.7974853516)
    		  levelquest = 3100
    	   elseif MyLevel >= 3125 and MyLevel <= 3149 then
    		  Ms = "Anubis [Lv.3150]"
    		  CFrameQuest = CFrame.new(9139.60547, 14.3849535, 1054.36963, 0.601339221, -1.54989365e-07, -0.798993826, 1.02655498e-07, 1, -1.16720038e-07, 0.798993826, -1.1832773e-08, 0.601339221)
    		  NameMon = "Anubis"
    		  CFrameMon = CFrame.new(9568.6044921875, 86.315910339355, 1232.5357666016)
    		  levelquest = 3125
    	   elseif MyLevel >= 3150  and MyLevel <= 3174 then
    		  Ms = "Pharaoh [Lv.3175]"
    		  CFrameQuest = CFrame.new(9552.42773, 14.3859072, 1543.18835, -0.790220916, 3.15748885e-08, -0.612822056, 1.10364784e-08, 1, 3.72924447e-08, 0.612822056, 2.27058727e-08, -0.790220916)
    		  NameMon = "Pharaoh"
    		  CFrameMon = CFrame.new(9116.03125, 47.920093536377, 1914.4226074219)
    		  levelquest = 3150
    	   elseif MyLevel >= 3175 and MyLevel <= 3199 then
    		  Ms = "Flame User [Lv.3200]"
    		  CFrameQuest = CFrame.new(9859.20996, 14.3859072, 1681.19788, 0.0974687934, -2.92612743e-08, -0.995238602, -7.69021682e-08, 1, -3.69326862e-08, 0.995238602, 8.01357842e-08, 0.0974687934)
    		  NameMon = "Flame User"
    		  CFrameMon = CFrame.new(9780.2236328125, 316.51937866211, 1732.7475585938)
    		  levelquest = 3175
    	   elseif MyLevel >= 3200 and MyLevel <= 3224 then
    		  Ms = "Chess Soldier [Lv. 3200]"
    		  CFrameQuest = CFrame.new(6869.11768, 28.620573, 7958.59766, 0.374606252, 8.14667223e-10, 0.927183986, -2.06460999e-08, 1, 7.46291029e-09, -0.927183986, -2.19383853e-08, 0.374606252)
    		  NameMon = "Chess Soldier"
    		  CFrameMon = CFrame.new(6842.9458, 113.897461, 8166.92139, -0.978180647, 0, -0.207756639, 0, 1, 0, 0.207756639, 0, -0.978180647)
    		  levelquest = 3200
    	   elseif MyLevel >= 3225 and MyLevel <= 3249 then
    		  Ms = "Sunken Vessel [Lv.3225]"
    		  CFrameQuest = CFrame.new(6363.91113, 28.6454754, 8022.03906, -0.0630364046, -9.05741047e-08, 0.998011231, -5.18542898e-08, 1, 8.74793713e-08, -0.998011231, -4.62367815e-08, -0.0630364046)
    		  NameMon = "Sunken Vessel"
    		  CFrameMon = CFrame.new(6260.2124, 23.7355881, 8518.10645, -0.135348797, 0, -0.990798056, 0, 1, 0, 0.990798056, 0, -0.135348797)
    		  levelquest = 3225
    	   elseif MyLevel >= 3250 and MyLevel <= 3299 then
    		  Ms = "Biscuit Man [Lv.3250]"
    		  CFrameQuest = CFrame.new(5991.83984, 202.54274, 8886.23926, 0.854529083, -4.60366749e-07, -0.519403517, 3.18303996e-08, 1, -8.3396958e-07, 0.519403517, 6.96118491e-07, 0.854529083)
    		  NameMon = "Biscuit Man"
    		  CFrameMon = CFrame.new(6250.66699, 335.045502, 9107.34668, 0.196545959, -0, -0.980494618, 0, 1, -0, 0.980494618, 0, 0.196545959)
    		  levelquest = 3250
           elseif MyLevel == 3300 or MyLevel <= 3324 then
    		  Ms = "Azlan [Lv. 3300]"
    		  CFrameQuest = CFrame.new(6741.73682, 57.2368507, -2517.99951, -0.927411199, 2.54042885e-08, -0.374043375, 4.63334864e-08, 1, -4.69622137e-08, 0.374043375, -6.08840196e-08, -0.927411199)
    		  NameMon = "Azlan"
    		  CFrameMon = CFrame.new(6606.78223, 57.3258514, -2650.30786, 0.484622359, -0.580309689, 0.654508948, 0.729216635, 0.681273878, 0.0641017258, -0.483098745, 0.446213633, 0.7533)
    		  levelquest = 3300
        elseif MyLevel >= 3325 then
    		  Ms = "The Volcano [Lv. 3325]"
    		  CFrameQuest = CFrame.new(7066.85498, 120.195526, -3422.62158, 0.710652053, 4.71143238e-07, -0.703543663, -6.53140319e-07, 1, 9.93219818e-09, 0.703543663, 4.52454401e-07, 0.710652053)
    		  NameMon = "The Volcano"
    		  CFrameMon = CFrame.new(7327.79395, 137.90477, -3548.29199, 0.00949328672, -2.59588669e-05, -0.999954939, -7.54102203e-08, 1, -2.59607514e-05, 0.999954939, 3.21859687e-07, 0.00949328672)
    		  levelquest = 3325
        end
    end
weapon = {}
for i,v in pairs(game:GetService("Players").LocalPlayer.Backpack:GetChildren()) do
    if v.ClassName == "Tool" then
   table.insert(weapon,v.Name)
   end
end
    
local CFAHub = {}
warn("Preparing UI...")
repeat wait() until game:IsLoaded()
repeat wait() until game.Players.LocalPlayer
repeat wait() until game.Players.LocalPlayer.Character
repeat wait() until game.Players.LocalPlayer.Character:FindFirstChild("HumanoidRootPart")
warn("UI Loaded.")

local Fully_Support_Exploits = {"Krnl", "Synapse X"}
local Tween = game:GetService("TweenService")
local Tweeninfo = TweenInfo.new
local Input = game:GetService("UserInputService")
local Run = game:GetService("RunService")
local Players = game:GetService("Players")
local Player = Players.LocalPlayer
local CoreGui = game:GetService("CoreGui")
local HttpService = game:GetService("HttpService")
local ms = Player:GetMouse()

local Utility = {}
local Objects = {}
local Animate = {}

function Utility:TweenObject(obj, properties, duration, ...)
    Tween:Create(obj, Tweeninfo(duration, ...), properties):Play()
end

function Utility:Pop(object, shrink)
    local clone = object:Clone()
	clone.AnchorPoint = Vector2.new(0.5, 0.5)
	clone.Size = clone.Size - UDim2.new(0, shrink, 0, shrink)
	clone.Position = UDim2.new(0.5, 0, 0.5, 0)
	clone.Parent = object
	object.BackgroundTransparency = 1
	Utility:TweenObject(clone, {Size = object.Size}, 0.2)
	spawn(function()
		wait(0.2)
		object.BackgroundTransparency = 0
		clone:Destroy()
	end)
	return clone
end

function Utility:TweenColor(obj, value, t)
  Tween:Create(obj, TweenInfo.new(.25), {BackgroundColor3 = value}):Play()
end

function Utility:TweenTransparency(obj, style, value)
    if string.lower(style) == 'bg' then
		Tween:Create(obj, TweenInfo.new(.25), {BackgroundTransparency = value}):Play()
	elseif string.lower(style) == 'img' then 
		Tween:Create(obj, TweenInfo.new(.25), {ImageTransparency = value}):Play()
	elseif string.lower(style) == 'text' then 
		Tween:Create(obj, TweenInfo.new(.25), {TextTransparency = value}):Play()
	end
end

function Utility:TweenRotation(obj, value)
  Tween:Create(obj, TweenInfo.new(.25), {Rotation = value}):Play()
end

function Animate:TypeWriter(text)
    for i = 1, #text, 1 do
        return string.sub(text, 1, i)
    end
end

function Animate:RandomString(length)
    local chars = {"A", "B", "C", "D", "E", "F", "G", "H", "I", "J", "K", "L", "M", "N", "O", "P", "Q", "R", "S", "T", "U", "V", "W", "X", "Y", "Z", "a", "b", "c", "d", "e", "f", "g", "h", "i", "j", "k", "l", "m", "n", "o", "p", "q", "r", "s", "t", "u", "v", "w", "x", "y", "z", "0", "1", "2", "3", "4", "5", "6", "7", "8", "9"}
    local s = {}
    for i = 1, length do s[i] = chars[math.random(1, #chars)] end
    return table.concat(s)
end

function Animate:CreateGradient(object)
    local UIGradient = Instance.new("UIGradient")
    UIGradient.Color = ColorSequence.new{ColorSequenceKeypoint.new(0.00, Color3.fromRGB(255, 255, 255)), ColorSequenceKeypoint.new(1.00, Color3.fromRGB(209, 209, 209))}
    UIGradient.Rotation = 25
    UIGradient.Parent = object
end

function CFAHub:DraggingEnabled(frame, parent)
    parent = parent or frame
    local dragging = false
    local dragInput, mousePos, framePos
    frame.InputBegan:Connect(function(input)
        if input.UserInputType == Enum.UserInputType.MouseButton1 then
            dragging = true
            mousePos = input.Position
            framePos = parent.Position

            input.Changed:Connect(function()
                if input.UserInputState == Enum.UserInputState.End then
                    dragging = false
                end
            end)
        end
    end)
    frame.InputChanged:Connect(function(input)
        if input.UserInputType == Enum.UserInputType.MouseMovement then
            dragInput = input
        end
    end)
    Input.InputChanged:Connect(function(input)
        if input == dragInput and dragging then
            local delta = input.Position - mousePos
            Utility:TweenObject(parent, {Position = UDim2.new(framePos.X.Scale, framePos.X.Offset + delta.X, framePos.Y.Scale, framePos.Y.Offset + delta.Y)}, 0.25)
        end
    end)
end

local GuiName = "CFAHubPremium2022"
function CFAHub:CreateWindow(title, gameName, intro)
    title = title or "<font color=\"#1CB2F5\">CFA Hub Premium</font>"
    gameName = gameName or "N/A"
    for _, v in pairs(CoreGui:GetChildren()) do
        if v:IsA("ScreenGui") and v.Name == GuiName then
            v:Destroy()
        end
    end
    local themes = {
        SchemaColor = Color3.fromRGB(79, 195, 247), -- Main Color
        TextColor = Color3.fromRGB(255, 255, 255),
        Header = Color3.fromRGB(22, 22, 22),
        Container = Color3.fromRGB(34, 34, 34),
        Background = Color3.fromRGB(22, 22, 22),
        Slider = Color3.fromRGB(15, 15, 15),
        Drop = Color3.fromRGB(28, 28, 28),
        ScrollBar = Color3.fromRGB(149, 149, 149),
        NotiBackground = Color3.fromRGB(0, 0, 0),
        Logo = "rbxassetid://11247127403"
    }
    table.insert(CFAHub, title)
    function CFAHub:SetTheme(theme, color3)
        themes[theme] = color3
    end
    local CFAHubGui = Instance.new("ScreenGui")
    if intro == true then
        local Logo = Instance.new("ImageLabel")
        Logo.Parent = CFAHubGui
        Logo.AnchorPoint = Vector2.new(0.5, 0.5)
        Logo.BackgroundColor3 = Color3.fromRGB(255, 255, 255)
        Logo.BackgroundTransparency = 1.000
        Logo.ImageTransparency = 1
        Logo.Position = UDim2.new(0.5, 0, 0.6, 0)
        Logo.Size = UDim2.new(0, 200, 0, 200)
        Logo.Image = themes.Logo
        Tween:Create(Logo, Tweeninfo(0.5, Enum.EasingStyle.Linear, Enum.EasingDirection.InOut), {
            Position = UDim2.new(0.5, 0, 0.5, 0),
            ImageTransparency = 0
        }):Play()
        wait(1.5)
        Tween:Create(Logo, Tweeninfo(0.5, Enum.EasingStyle.Linear, Enum.EasingDirection.InOut), {
            Position = UDim2.new(0.5, 0, 0.4, 0),
            ImageTransparency = 1
        }):Play()
        wait(0.2)
        Logo:Destroy()
    end

    local Container = Instance.new("Frame")
    local UIScale = Instance.new("UIScale")
    local ContainerCorner = Instance.new("UICorner")
    local ElementContainer = Instance.new("Frame")
    local Elements = Instance.new("Frame")
    local ElementCorner = Instance.new("UICorner")

    local Header = Instance.new("Frame")
    local HeaderCorner = Instance.new("UICorner")
    local coverup = Instance.new("Frame")
    local logo = Instance.new("ImageLabel")
    local Title = Instance.new("TextLabel")

    local TabFrame = Instance.new("Frame")
    local TabCorner = Instance.new("UICorner")
    local TabScroll = Instance.new("ScrollingFrame")
    local TabGridLayout = Instance.new("UIGridLayout")

    local ShadowBlue = Instance.new("ImageLabel")

    -- NOTIFICATION

    local UIListLayout = Instance.new("UIListLayout")
    local CurrentAlert = Instance.new("Frame")
    
    UIListLayout.Parent = CurrentAlert
    UIListLayout.HorizontalAlignment = Enum.HorizontalAlignment.Right
    UIListLayout.SortOrder = Enum.SortOrder.LayoutOrder
    UIListLayout.VerticalAlignment = Enum.VerticalAlignment.Bottom
    UIListLayout.Padding = UDim.new(0, 8)
    
    CurrentAlert.Name = "NotiContainer"
    CurrentAlert.Parent = CFAHubGui
    CurrentAlert.AnchorPoint = Vector2.new(1, 1)
    CurrentAlert.BackgroundColor3 = Color3.fromRGB(0, 0, 0)
    CurrentAlert.BackgroundTransparency = 1.000
    CurrentAlert.Position = UDim2.new(1, -10, 1, -10)
    CurrentAlert.Size = UDim2.new(1, -10, 1, -10)
    CurrentAlert.ZIndex = 9

    function CFAHub:AddNoti(header, message, duration, buttonEnable, callback)
        header = header or "Announcement"
        message = message or "Nil"
        duration = duration or 120
        callback = callback or function() end

        local Template = Instance.new("Frame")
        local Header = Instance.new("TextLabel")
        local Message = Instance.new("TextLabel")
        local UICorner = Instance.new("UICorner")
        local ButtonContainer = Instance.new("Frame")
        local YesButton = Instance.new("TextButton")
        local UICorner_2 = Instance.new("UICorner")
        local YesIcon = Instance.new("ImageLabel")
        local NoButton = Instance.new("TextButton")
        local UICorner_3 = Instance.new("UICorner")
        local NoIcon = Instance.new("ImageLabel")
        local BarFrame = Instance.new("Frame")
        local Bar = Instance.new("Frame")
        local UICorner_4 = Instance.new("UICorner")
        local UICorner_5 = Instance.new("UICorner")
        
        Template.Name = "Template"
        Template.Parent = CurrentAlert
        Template.BackgroundColor3 = themes.NotiBackground
        Objects[Template] = "NotiBackground"
        Template.BackgroundTransparency = 0.200
        Template.BorderSizePixel = 0
        Template.ClipsDescendants = true
        Template.Position = UDim2.new(1.01262629, -260, 0.732447803, 50)
        Template.Size = UDim2.new(0, 250, 0, 91)
        Template.ZIndex = 99
        
        Header.Name = "Header"
        Header.Parent = Template
        Header.AnchorPoint = Vector2.new(0.5, 0)
        Header.BackgroundColor3 = Color3.fromRGB(255, 255, 255)
        Header.BackgroundTransparency = 1.000
        Header.Position = UDim2.new(0.400000006, 0, 0.100000069, 0)
        Header.Size = UDim2.new(0.75, 0, 0, 20)
        Header.Font = Enum.Font.GothamBold
        Header.Text = header
        Header.TextColor3 = themes.TextColor
        Objects[Header] = "TextColor"
        Header.TextSize = 16.000
        Header.TextXAlignment = Enum.TextXAlignment.Left
        
        Message.Name = "Message"
        Message.Parent = Template
        Message.AnchorPoint = Vector2.new(0.5, 0)
        Message.BackgroundColor3 = Color3.fromRGB(255, 255, 255)
        Message.BackgroundTransparency = 1.000
        Message.Position = UDim2.new(0.400000006, 0, 0.312000006, 0)
        Message.Size = UDim2.new(0.75, 0, 0.5, 0)
        Message.Font = Enum.Font.GothamSemibold
        Message.Text = message
        Message.TextColor3 = themes.TextColor
        Objects[Message] = "TextColor"
        Message.TextSize = 15.000
        Message.TextWrapped = true
        Message.TextTransparency = 0.25
        Message.TextXAlignment = Enum.TextXAlignment.Left
        Message.TextYAlignment = Enum.TextYAlignment.Top
        
        UICorner.CornerRadius = UDim.new(0, 4)
        UICorner.Parent = Template
        
        ButtonContainer.Name = "ButtonContainer"
        ButtonContainer.Parent = Template
        ButtonContainer.AnchorPoint = Vector2.new(0.5, 0)
        ButtonContainer.BackgroundColor3 = Color3.fromRGB(255, 255, 255)
        ButtonContainer.BackgroundTransparency = 1.000
        ButtonContainer.Position = UDim2.new(0.889500022, 0, 0.539560497, -40)
        ButtonContainer.Size = UDim2.new(0, 43, 0, 61)
        ButtonContainer.ZIndex = 2
        
        YesButton.Name = "YesButton"
        YesButton.Parent = ButtonContainer
        YesButton.AnchorPoint = Vector2.new(1, 0)
        YesButton.BackgroundColor3 = Color3.fromRGB(67, 116, 58)
        if buttonEnable == false then
            YesButton.BackgroundTransparency = 0.6
            YesButton.Active = false
        else
            YesButton.BackgroundTransparency = 0
        end
        YesButton.Position = UDim2.new(1, 0, 0, 0)
        YesButton.Size = UDim2.new(1, 0, 0, 27)
        YesButton.ZIndex = 2
        YesButton.AutoButtonColor = false
        YesButton.Font = Enum.Font.SourceSansSemibold
        YesButton.Text = ""
        YesButton.TextColor3 = Color3.fromRGB(255, 255, 255)
        YesButton.TextSize = 22.000
        
        UICorner_2.CornerRadius = UDim.new(0, 4)
        UICorner_2.Parent = YesButton
        
        YesIcon.Name = "YesIcon"
        YesIcon.Parent = YesButton
        YesIcon.AnchorPoint = Vector2.new(0.5, 0.5)
        YesIcon.BackgroundColor3 = Color3.fromRGB(255, 255, 255)
        YesIcon.BackgroundTransparency = 1.000
        YesIcon.Position = UDim2.new(0.5, 0, 0.5, 0)
        YesIcon.Size = UDim2.new(0, 20, 0, 20)
        YesIcon.Image = "rbxassetid://7072706620"
        
        Animate:CreateGradient(YesButton)
        
        NoButton.Name = "NoButton"
        NoButton.Parent = ButtonContainer
        NoButton.AnchorPoint = Vector2.new(1, 1)
        NoButton.BackgroundColor3 = Color3.fromRGB(184, 41, 65)
        NoButton.Position = UDim2.new(1, 0, 1, 0)
        NoButton.Size = UDim2.new(1, 0, 0, 27)
        NoButton.ZIndex = 2
        NoButton.Font = Enum.Font.SourceSansSemibold
        NoButton.Text = ""
        NoButton.AutoButtonColor = false
        NoButton.TextColor3 = Color3.fromRGB(255, 255, 255)
